1920 1080
1.0905047971271531e+03 1.0939634946609058e+03
9.5573140945168916e+02 5.2796114008255302e+02

512 424
3.6445582576467052e+02 3.6395577763605320e+02
2.5288977457211502e+02 2.0743661717366510e+02

9.9957026731428400e-01 -3.9893851429189863e-03 -2.9040755972122211e-02 9.2340681326208554e-02
5.0242555238800635e-03 9.9935171366020548e-01 3.5649814317067666e-02 -2.8689846220583799e-02
2.8879708407143850e-02 -3.5780402605226497e-02 9.9894230325466060e-01 4.6972657946736759e-02

0.0 0.0

-0.99991081 -0.00813799 -0.01058994 -0.11246038
0.01020419 -0.97707772 -0.21263819 0.11902449
-0.00861674 -0.21272728 0.97707361 0.05826682
