1920 1080
1.0905047971271531e+03 1.0939634946609058e+03
9.5573140945168916e+02 5.2796114008255302e+02

512 424
3.6445582576467052e+02 3.6395577763605320e+02
2.5288977457211502e+02 2.0743661717366510e+02

0.9999847346953397 -0.0028609764572599585 -0.00472706991675865 0.05100635
0.002890905898276213 0.9999757432362485 0.00633684481390854 0.00026524
0.0047088256895145494 -0.006350413594345805 0.9999687491155922 -0.0005093

0.0 0.0

0.88400477 0.10037085 -0.45657558 0.10637829
0.16544079 0.98048245 -0.1062239 -0.29997648
-0.43623778 0.52816315 -0.72851924 -0.09541911
